60 120 2 4
32 273 6 Processo2 0 71 2 268 0 38 2 176 3 43 5 110 0 202 3 251 4 263
50 266 8 Processo8 4 230 6 154 0 254 5 256 4 134 7 168 7 90 3 198
82 259 2 Processo3 0 147 0 214 1 102 1 241 0 173
194 262 2 Processo9 1 259 1 207
82 COMPACTAR
50 234 2 Processo5 1 57 0 175 1 225 1 189 1 203
149 166 6 Processo0 1 160 0 155 0 165 5 150 3 159 0 161 4 153
2 86 2 Processo4 1 2
143 COMPACTAR
69 93 8 Processo1 6 92 6 75
103 COMPACTAR
233 288 8 Processo6 4 277 0 246 7 243 7 251
23 150 4 Processo7 0 90 0 120 2 104 0 75
